4294967278,5
4294967278,4
4294967279,132
4294967279,131
4294967279,130
4294967279,129
4294967279,128
4294967278,19
4294967278,18
4294967278,17
4294967278,16
4294967278,15
4294967278,14
4294967278,13
4294967278,12
4294967278,11
4294967278,10
4294967278,9
4294967278,8
4294967278,7
4294967278,6
4294967278,312
4294967279,144
4294967278,293
4294967279,288
4294967278,143
4294967279,142
4294967278,142
4294967278,141
4294967279,140
4294967278,140
4294967278,50
4294967278,49
4294967278,48
4294967278,47
4294967278,46
4294967278,45
4294967278,44
4294967278,43
4294967278,42
4294967278,41
4294967278,40
4294967278,39
4294967278,38
4294967278,37
4294967278,36
4294967278,35
4294967278,34
4294967278,33
4294967278,32
4294967278,31
4294967278,30
4294967278,29
4294967278,28
4294967278,306
4294967278,27
4294967278,26
4294967278,25
4294967278,290
4294967278,24
4294967278,23
4294967278,22
4294967278,21
4294967278,20
4294967279,66
4294967279,65
4294967279,63
4294967279,62
4294967279,61
4294967279,60
4294967279,59
4294967279,57
4294967279,56
4294967279,55
4294967279,53
4294967279,52
4294967279,51
4294967279,49
4294967279,48
4294967279,47
4294967279,46
4294967279,45
4294967279,44
4294967279,42
4294967279,41
4294967279,40
4294967279,36
4294967279,35
4294967279,34
4294967279,33
4294967279,32
4294967279,31
4294967279,29
4294967279,28
4294967279,26
4294967279,24
4294967279,18
4294967279,17
4294967279,16
4294967279,13
4294967279,12
4294967279,11
4294967279,10
4294967294,963
4294967294,962
4294967294,961
4294967294,917
4294967294,915
4294967294,914
4294967294,911
4294967294,910
4294967294,908
4294967294,906
4294967294,391
4294967294,10
4294967294,966
4294967294,965
4294967294,964
4294967294,960
4294967294,918
4294967294,916
4294967294,909
4294967294,904
4294967294,901
4294967294,900
4294967294,899
4294967294,898
4294967294,528
4294967294,419
4294967294,188
4294967294,179
4294967294,170
4294967294,162
4294967294,161
4294967279,27
4294967279,305
4294967279,272
4294967279,25
4294967279,286
4294967279,135
4294967294,436
4294967279,297
4294967279,14
4294967278,381
4294967294,1413
4294967294,913
4294967294,182
4294967294,173
4294967294,163
4294967279,21
4294967279,268
4294967279,270
4294967294,1419
4294967294,1418
4294967279,19
4294967279,283
4294967279,267
4294967279,279
4294967279,282
4294967279,264
4294967279,277
56,5
56,4
4294967279,265
56,3
56,2
56,1
4294967279,550
4294967279,263
4294967279,262
4294967279,261
4294967294,396
4294967294,178
4294967294,406
4294967294,420
4294967294,443
4294967294,415
4294967294,167
4294967294,414
4294967294,191
4294967294,409
4294967294,119
4294967294,118
4294967294,394
4294967294,453
4294967294,454
4294967294,110
4294967279,275
4294967279,298
4294967279,273
4294967279,274
4294967279,255
4294967278,380
4294967279,254
4294967279,551
4294967279,253
4294967279,571
4294967278,257
4294967279,570
4294967279,569
54,5
4294967278,379
54,4
4294967279,568
54,3
54,2
54,1
4294967279,567
4294967278,378
4294967279,566
4294967278,377
4294967279,565
4294967278,376
4294967278,375
4294967279,564
4294967278,374
4294967279,563
4294967294,115
4294967278,253
4294967279,562
4294967279,561
4294967278,373
4294967278,252
52,6
4294967294,1417
4294967278,250
4294967278,251
4294967279,560
4294967278,248
52,5
4294967278,244
52,4
4294967278,242
52,3
52,2
52,1
4294967278,241
4294967278,240
4294967278,236
4294967278,335
4294967278,372
51,5
4294967278,234
4294967278,232
51,4
51,3
51,2
51,1
4294967278,230
4294967278,228
4294967278,227
4294967294,386
4294967294,387
4294967278,225
4294967278,221
4294967278,218
4294967278,216
50,5
4294967278,214
50,4
50,3
50,2
50,1
4294967278,213
4294967278,334
4294967278,211
4294967278,210
4294967278,371
4294967278,209
49,5
4294967278,207
4294967294,89
49,4
4294967278,206
49,3
49,2
49,1
4294967278,331
4294967278,205
4294967278,202
4294967278,330
4294967278,370
48,5
4294967278,201
4294967278,200
48,4
48,3
48,2
48,1
4294967278,199
4294967294,468
4294967278,196
47,4
4294967278,195
47,3
47,2
47,1
4294967278,369
4294967294,392
4294967294,388
4294967294,114
4294967294,120
4294967278,194
4294967279,559
4294967294,389
4294967294,2
4294967294,903
4294967294,185
4294967278,368
4294967278,328
4294967278,367
4294967294,40
4294967294,37
4294967294,36
4294967294,39
4294967294,42
4294967278,366
4294967278,327
